
100.0 63.3742638124807 1e-08 0.00179620282722325 1e-07 4880266.407053979
451.0 62.93683027436843 1e-08 0.008100583744948361 1e-07 22413114.52354206
569.0 62.7911285469529 1e-08 0.01022002694207454 1e-07 27051157.54590557
560.0 62.80221464560674 1e-08 0.010058374494836103 1e-07 26410557.185534723
599.0 62.7541854825518 1e-08 0.01075886843286933 1e-07 28035791.7521048
669.0 62.668172000744704 1e-08 0.012016165244723844 1e-07 29640601.179731507
599.0 62.75418616169433 1e-08 0.01075886843286933 1e-07 26986418.524448268
513.0 62.86018284721097 1e-08 0.00921418949259093 1e-07 22737766.455337133
524.0 62.846607255286735 1e-08 0.009411764705882352 1e-07 22307307.048701026
511.0 62.862656530518024 1e-08 0.009178266726537944 1e-07 22576278.303464167
452.0 62.93558654175217 1e-08 0.008118545127974854 1e-07 19094827.714685146
453.0 62.934350530233665 1e-08 0.008136506511001347 1e-07 18932302.427890666
556.0 62.80714294838496 1e-08 0.00998652896273013 1e-07 23818871.95097295
583.0 62.7738811409771 1e-08 0.010471486304445443 1e-07 25356297.464055225
550.0 62.81453651533607 1e-08 0.009878760664571173 1e-07 24702348.696958065
542.0 62.82440021744847 1e-08 0.009735069600359228 1e-07 24769240.384354904
493.0 62.8848873199191 1e-08 0.008854961832061069 1e-07 23501101.18213336
456.0 62.930637746800805 1e-08 0.008190390660080826 1e-07 20353576.05312108
386.0 63.017376430993956 1e-08 0.006933093848226313 1e-07 16208969.810116014
368.0 63.03971818951227 1e-08 0.006609788953749439 1e-07 15682307.937405761
394.0 63.007450063197616 1e-08 0.007076784912438258 1e-07 17323338.629233588
391.0 63.01117127374351 1e-08 0.007022900763358778 1e-07 17817270.62508668
360.0 63.0496526542177 1e-08 0.0064660978895374945 1e-07 16210195.473850105
304.0 63.119287812050324 1e-08 0.005460260440053884 1e-07 13711704.859939285
261.0 63.17286106232166 1e-08 0.004687920969914683 1e-07 11675765.239043985
205.0 63.24276873638329 1e-08 0.0036820835204310733 1e-07 7747396.031300926
174.0 63.28153393800022 1e-08 0.003125280646609789 1e-07 4946791.0922244415
118.0 63.35167953059292 1e-08 0.0021194431971261786 1e-07 3492768.1688848943
85.0 63.3930903527393 1e-08 0.0015267175572519084 1e-07 2263777.7607239797
40.0 63.44964508397108 1e-08 0.0007184553210597216 1e-07 1058902.9760016403
46.0 63.44209959254725 1e-08 0.0008262236192186799 1e-07 1218089.0392831431
54.0 63.43203879108684 1e-08 0.0009699146834306242 1e-07 1477347.9328185427
40.0 63.44964510409138 1e-08 0.0007184553210597216 1e-07 1004968.6745491084
40.0 63.44964610487524 1e-08 0.0007184553210597216 1e-07 986501.1540001766
50.0 63.437068345535884 1e-08 0.000898069151324652 1e-07 1316715.0083223726
72.0 63.40941826942172 1e-08 0.001293219577907499 1e-07 1893845.6722603329
58.0 63.427010125564294 1e-08 0.0010417602155365962 1e-07 1584876.1347576352
79.0 63.40062497631464 1e-08 0.00141894925909295 1e-07 2092790.5336279338
57.0 63.428267295376365 1e-08 0.0010237988325101032 1e-07 1494131.7778593455
90.0 63.38681215611912 1e-08 0.0016165244723843736 1e-07 2431531.9916775785
77.0 63.403136503358766 1e-08 0.001383026493039964 1e-07 2101386.7187122526
57.0 63.428267164228096 1e-08 0.0010237988325101032 1e-07 1478281.298778727
84.0 63.394345452112205 1e-08 0.0015087561742254153 1e-07 2067929.0588214719
57.0 63.42826718159412 1e-08 0.0010237988325101032 1e-07 1330730.4589932654
57.0 63.42826834169844 1e-08 0.0010237988325101032 1e-07 1254645.4563567608
40.0 63.44964475788781 1e-08 0.0007184553210597216 1e-07 799262.5302395028
0.0 63.5 1e-08 0.0 1e-07 0.0
0.0 63.5 1e-08 0.0 1.0999999999999999e-07 0.0
0.0 63.5 1e-08 0.0 1.2000000000000002e-07 0.0
0.0 63.5 1e-08 0.0 1.3000000000000003e-07 0.0
0.0 63.5 1e-08 0.0 1.4000000000000004e-07 0.0
3.0 63.49622085211781 1e-08 5.3888988683312374e-05 1.5000000000000005e-07 139774.3279843009
188.0 63.264026785580114 1e-08 0.0033771646188115257 1.6000000000000003e-07 8227623.83930331
327.0 63.090670900179234 1e-08 0.005874110799741324 1.6000000000000003e-07 15667108.513185639
435.0 62.956636756655676 1e-08 0.007814184091399008 1.6000000000000003e-07 19747028.327810816
628.0 62.718529613271386 1e-08 0.01128116691815765 1.6000000000000003e-07 28921590.591116093
625.0 62.72221163800064 1e-08 0.01122727599338938 1.6000000000000003e-07 29740968.34018237
771.0 62.54325484345812 1e-08 0.01384996766544514 1.6000000000000003e-07 36007860.36171679
796.0 62.51272315089447 1e-08 0.014299058705180714 1.6000000000000003e-07 36783786.184359625
832.0 62.46878763218653 1e-08 0.014945749802399943 1.6000000000000003e-07 39590036.92174965
713.0 62.61422459421159 1e-08 0.012808076453258604 1.6000000000000003e-07 31737707.789336197
794.0 62.5151543164125 1e-08 0.014263131422001868 1.6000000000000003e-07 37334928.76345744
721.0 62.60442256243694 1e-08 0.012951785585973988 1.6000000000000003e-07 33280055.887694273
827.0 62.47488486686506 1e-08 0.014855931594452828 1.6000000000000003e-07 36254562.708182156
885.0 62.40423564245263 1e-08 0.015897822806639362 1.6000000000000003e-07 36739598.34336849
1087.0 62.159407797012754 1e-08 0.01952647840770281 1.6000000000000003e-07 45381245.23816816
1032.0 62.225873795884745 1e-08 0.018538478120284543 1.6000000000000003e-07 43634106.19294251
861.0 62.43344812594573 1e-08 0.01546669540849321 1.6000000000000003e-07 37410801.25429095
938.0 62.339811613107344 1e-08 0.01684989581087878 1.6000000000000003e-07 39972356.27622893
1019.0 62.24160313004094 1e-08 0.018304950779622044 1.6000000000000003e-07 43657916.619721755
896.0 62.39085294026188 1e-08 0.016095422864123014 1.6000000000000003e-07 39044630.8784849
795.0 62.51393652537375 1e-08 0.01428109506359129 1.6000000000000003e-07 34838950.6214757
886.0 62.403021997613905 1e-08 0.015915786448228785 1.6000000000000003e-07 38275500.824051246
915.0 62.36775219445845 1e-08 0.016436732054322053 1.6000000000000003e-07 38959708.38521114
925.0 62.355600491774176 1e-08 0.016616368470216282 1.6000000000000003e-07 39907895.274037585
949.0 62.3264556572953 1e-08 0.017047495868362433 1.6000000000000003e-07 42182588.17125038
875.0 62.4164054793353 1e-08 0.015718186390745133 1.6000000000000003e-07 36795823.80162291
943.0 62.333735400513554 1e-08 0.016939714018825897 1.6000000000000003e-07 40704582.02145164
927.0 62.35316489765319 1e-08 0.01665229575339513 1.6000000000000003e-07 39657985.84444579
821.0 62.48220407756013 1e-08 0.014748149744916289 1.6000000000000003e-07 35357349.25535851
728.0 62.595854090587046 1e-08 0.01307753107709995 1.6000000000000003e-07 30156306.97564671
756.0 62.56159393686707 1e-08 0.013580513041603794 1.6000000000000003e-07 31477765.955774534
713.0 62.614220738425246 1e-08 0.012808076453258604 1.6000000000000003e-07 30553687.200200196
725.0 62.59952306078588 1e-08 0.013023640152331682 1.6000000000000003e-07 31061846.828431323
658.0 62.681668202772144 1e-08 0.011820076165840339 1.6000000000000003e-07 28949835.219699606
601.0 62.751722616174 1e-08 0.010796148595243228 1.6000000000000003e-07 27250265.41589968
487.0 62.89230123330113 1e-08 0.008748293454049004 1.6000000000000003e-07 21416125.310124148
516.0 62.85648064229009 1e-08 0.009269239060142272 1.6000000000000003e-07 21720431.38453
421.0 62.973976704435835 1e-08 0.007562693109147086 1.6000000000000003e-07 18413474.907450654
432.0 62.96035046639186 1e-08 0.007760293166630739 1.6000000000000003e-07 17858196.53273621
359.0 63.05089538592921 1e-08 0.00644894733060286 1.6000000000000003e-07 15802016.80182321
296.0 63.129248163577905 1e-08 0.00531723791046921 1.6000000000000003e-07 10837411.791370945
223.0 63.22028096069394 1e-08 0.00400589207444133 1.6000000000000003e-07 6671815.673224283
267.0 63.16538305157609 1e-08 0.0047962923043759435 1.6000000000000003e-07 7816348.0519411685
272.0 63.1591482453387 1e-08 0.004886110512323058 1.6000000000000003e-07 9375848.315852094
362.0 63.04717071868564 1e-08 0.006502838255371129 1.6000000000000003e-07 11537913.298326671
315.0 63.105597191939566 1e-08 0.005658547100668247 1.6000000000000003e-07 9022618.18872754
297.0 63.12800308250493 1e-08 0.0053352015520586335 1.6000000000000003e-07 8217341.7135914005
289.0 63.137967188552324 1e-08 0.005191492419343249 1.6000000000000003e-07 8209564.1424164
202.0 63.246516942529915 1e-08 0.0036286556010634474 1.6000000000000003e-07 5909749.422729731
257.0 63.17784997177998 1e-08 0.0046166558884817134 1.6000000000000003e-07 7985789.853448277
214.0 63.231522309026566 1e-08 0.0038442193001365236 1.6000000000000003e-07 6032079.924557073
192.0 63.25901892949894 1e-08 0.0034490191851692174 1.6000000000000003e-07 5617951.260445048
146.0 63.31658701860589 1e-08 0.002622691672055759 1.6000000000000003e-07 4077787.0502798753
107.0 63.365478096136435 1e-08 0.0019221096500682618 1.6000000000000003e-07 2755061.05394046
129.0 63.337889530100675 1e-08 0.002317309765035568 1.6000000000000003e-07 3495222.4884677073
77.0 63.403136503840535 1e-08 0.0013832004023855717 1.6000000000000003e-07 2216744.4576302823
77.0 63.403136850130885 1e-08 0.0013832004023855717 1.6000000000000003e-07 2038097.9883090556
111.0 63.36046061102087 1e-08 0.001993964216425954 1.6000000000000003e-07 2864624.3938289266
64.0 63.41946883993759 1e-08 0.0011496730617230725 1.6000000000000003e-07 1819080.510660592
83.0 63.39560129867176 1e-08 0.0014909822519221095 1.6000000000000003e-07 2237159.1336185387
64.0 63.41946880556361 1e-08 0.0011496730617230725 1.6000000000000003e-07 1753401.101468104
65.0 63.41821308814461 1e-08 0.0011676367033124956 1.6000000000000003e-07 1638921.6823152348
59.0 63.42575319403752 1e-08 0.0010598548537759575 1.6000000000000003e-07 1518775.411310934
91.0 63.385556831095506 1e-08 0.0016346913846374937 1.6000000000000003e-07 2296134.7241895227
85.0 63.39308934002561 1e-08 0.0015269095351009556 1.6000000000000003e-07 2228080.5792222274
84.0 63.39434504785474 1e-08 0.0015089458935115326 1.6000000000000003e-07 2162639.9417354786
99.0 63.37551453448718 1e-08 0.0017784005173528778 1.6000000000000003e-07 2527995.813818044
91.0 63.385555949650055 1e-08 0.0016346913846374937 1.6000000000000003e-07 2181053.5667898334
99.0 63.37551466350598 1e-08 0.0017784005173528778 1.6000000000000003e-07 2380785.905060908
70.0 63.41192988065854 1e-08 0.0012574549112596106 1.6000000000000003e-07 1494531.9042870894
60.0 63.42449661230235 1e-08 0.0010778184953653806 1.6000000000000003e-07 1214685.075495762
29.0 63.46348469247346 1e-08 0.0005209456060932672 1.6000000000000003e-07 477444.282037763
0.0 63.5 1e-08 0.0 1.6000000000000003e-07 0.0
0.0 63.5 1e-08 0.0 1.7000000000000004e-07 0.0
0.0 63.5 1e-08 0.0 1.8000000000000005e-07 0.0
0.0 63.5 1e-08 0.0 1.9000000000000006e-07 0.0
0.0 63.5 1e-08 0.0 2.0000000000000004e-07 0.0
0.0 63.5 1e-08 0.0 2.1000000000000005e-07 0.0
0.0 63.5 1e-08 0.0 2.2000000000000006e-07 0.0
0.0 63.5 1e-08 0.0 2.3000000000000007e-07 0.0
43.0 63.445873612725414 1e-08 0.0007725614905046803 2.400000000000001e-07 1938541.2950414976
509.0 62.865127616384406 1e-08 0.009144972062020518 2.400000000000001e-07 23846045.682648763
511.0 62.862656100200525 1e-08 0.009180905154602131 2.400000000000001e-07 23846390.902941056
520.0 62.85154339751685 1e-08 0.009342604071219389 2.400000000000001e-07 24840788.62227348
663.0 62.67553606896314 1e-08 0.011911820190804721 2.400000000000001e-07 30775813.82313273
697.0 62.633835839021145 1e-08 0.012522682764692143 2.400000000000001e-07 33677241.28918137
910.0 62.37383373109834 1e-08 0.016349557124633932 2.400000000000001e-07 42269612.601393156
888.0 62.40058673873907 1e-08 0.015953719839744165 2.400000000000001e-07 41420937.98786756
908.0 62.37626314616608 1e-08 0.016313037854152817 2.400000000000001e-07 41628994.53905651
912.0 62.37139498310475 1e-08 0.01638490145703455 2.400000000000001e-07 43231229.81627056
881.0 62.40909911783554 1e-08 0.015827958534701137 2.400000000000001e-07 40842372.20879617
1064.0 62.18718588047213 1e-08 0.019115718366540305 2.400000000000001e-07 48575711.0221462
1140.0 62.095488242627205 1e-08 0.020481126821293185 2.400000000000001e-07 52907466.72414361
1208.0 62.01367636773702 1e-08 0.021702808070282603 2.400000000000001e-07 51964830.92158058
1284.0 61.92248476219747 1e-08 0.023068216525035483 2.400000000000001e-07 56188331.25238767
1173.0 62.05575119202132 1e-08 0.021074001545067462 2.400000000000001e-07 53454330.417576924
1189.0 62.0365147816 1e-08 0.021361455956594385 2.400000000000001e-07 50092523.150692016
1246.0 61.96803519167133 1e-08 0.022385512297659043 2.400000000000001e-07 55675656.384711325
1151.0 62.08223607694593 1e-08 0.020678751729217945 2.400000000000001e-07 45107373.37613251
1172.0 62.05695186823481 1e-08 0.021056035644347028 2.400000000000001e-07 47531656.62353176
1175.0 62.053345685884665 1e-08 0.021110691891697658 2.400000000000001e-07 47156410.89605968
1087.0 62.159399785854944 1e-08 0.019529635818106687 2.400000000000001e-07 43588828.34142664
999.0 62.26582241891435 1e-08 0.017948579744515712 2.400000000000001e-07 39597389.141083896
806.0 62.500503164734596 1e-08 0.014481036310390053 2.400000000000001e-07 31684571.68523853
862.0 62.43222766362392 1e-08 0.015487162902675218 2.400000000000001e-07 33243213.808197048
854.0 62.441971562139706 1e-08 0.015343430532348767 2.400000000000001e-07 34203033.091674745
867.0 62.42613810905305 1e-08 0.01557699563412925 2.400000000000001e-07 33979228.418248884
931.0 62.34830851254159 1e-08 0.016726854596740868 2.400000000000001e-07 35769795.69807887
1053.0 62.20047271245039 1e-08 0.018918773244219263 2.400000000000001e-07 41104707.43451724
984.0 62.2839986790248 1e-08 0.017679081550153613 2.400000000000001e-07 40182176.32539696
987.0 62.28036061458186 1e-08 0.017732981189026033 2.400000000000001e-07 39815989.94866729
865.0 62.428571740048504 1e-08 0.015541062541547638 2.400000000000001e-07 35840727.42412221
848.0 62.44928147496069 1e-08 0.015235631254603928 2.400000000000001e-07 35146756.7083148
764.0 62.55180833547196 1e-08 0.01372644136617618 2.400000000000001e-07 30705471.178832933
796.0 62.5127095170032 1e-08 0.014301370847481988 2.400000000000001e-07 31720679.614385035
734.0 62.58850235850099 1e-08 0.013187444977451985 2.400000000000001e-07 28393493.443419743
632.0 62.71360154991918 1e-08 0.011354857255789719 2.400000000000001e-07 22012878.06927117
698.0 62.63260252656305 1e-08 0.01254064931098295 2.400000000000001e-07 24915947.396907292
654.0 62.68657827123255 1e-08 0.011750121274187463 2.400000000000001e-07 25649968.655474924
640.0 62.70377620440325 1e-08 0.011498589626116171 2.400000000000001e-07 24524148.818274714
726.0 62.59830288588239 1e-08 0.013043712607125533 2.400000000000001e-07 27043281.053268388
788.0 62.522481302841065 1e-08 0.014157638477155536 2.400000000000001e-07 30337574.975825362
864.0 62.42979330569852 1e-08 0.015523095995256832 2.400000000000001e-07 33676889.2638121
861.0 62.43344928827924 1e-08 0.015469196356384413 2.400000000000001e-07 31067496.32525528
892.0 62.39571718531184 1e-08 0.016026159291399413 2.400000000000001e-07 32548376.80870483
883.0 62.40666615402786 1e-08 0.015864460374782157 2.400000000000001e-07 32933889.103736483
882.0 62.40788627774701 1e-08 0.015846493828491348 2.400000000000001e-07 31296454.04544061
931.0 62.348309495933286 1e-08 0.016726854596740868 2.400000000000001e-07 37810736.30976835
879.0 62.41152957181159 1e-08 0.01579259418961893 2.400000000000001e-07 36399216.11239515
858.0 62.437103075894925 1e-08 0.015415296717511993 2.400000000000001e-07 33955124.54358872
792.0 62.51759999460604 1e-08 0.014229504662318763 2.400000000000001e-07 29534588.564609382
746.0 62.573825791803614 1e-08 0.013403043532941663 2.400000000000001e-07 30113239.350503612
665.0 62.67308157365045 1e-08 0.011947753283386335 2.400000000000001e-07 24718068.85422332
571.0 62.78866162452067 1e-08 0.010258897932050521 2.400000000000001e-07 19953983.573774487
578.0 62.78004051057334 1e-08 0.010384663756086168 2.400000000000001e-07 18939529.47752572
480.0 62.90095814051117 1e-08 0.008623942219587129 2.400000000000001e-07 16694298.57210799
628.0 62.71852758736289 1e-08 0.011282991070626493 2.400000000000001e-07 21619970.682245426
610.0 62.740659252125646 1e-08 0.010959593237391976 2.400000000000001e-07 20767386.64080117
662.0 62.67676658760343 1e-08 0.011893853644513916 2.400000000000001e-07 22181103.86051956
746.0 62.5738280071878 1e-08 0.013403043532941663 2.400000000000001e-07 25656025.050160468
715.0 62.611773252129595 1e-08 0.01284608059792666 2.400000000000001e-07 25367761.94526045
715.0 62.61177732853058 1e-08 0.01284608059792666 2.400000000000001e-07 25529701.78602589
623.0 62.72467103936536 1e-08 0.011193158339172461 2.400000000000001e-07 23861558.75901745
628.0 62.71852819775436 1e-08 0.011282991070626493 2.400000000000001e-07 23821616.117585152
625.0 62.722214414180364 1e-08 0.011229091431754074 2.400000000000001e-07 21188706.510573678
559.0 62.80344704023999 1e-08 0.010043299376560844 2.400000000000001e-07 19160361.827102825
516.0 62.85648378820796 1e-08 0.009270737886056164 2.400000000000001e-07 16696010.916674972
533.0 62.835504394280456 1e-08 0.009576169172999874 2.400000000000001e-07 18038314.60850416
531.0 62.837971489683675 1e-08 0.009540236080418261 2.400000000000001e-07 19553673.394576825
525.0 62.845373567509206 1e-08 0.009432436802673421 2.400000000000001e-07 18310086.649008714
518.0 62.854013561829106 1e-08 0.009306670978637776 2.400000000000001e-07 17141953.36168545
461.0 62.924454179505545 1e-08 0.008282577840061804 2.400000000000001e-07 15568126.797416966
442.0 62.947968291487356 1e-08 0.007941213460536481 2.400000000000001e-07 15568940.317055598
478.0 62.90342868312166 1e-08 0.008588009127005516 2.400000000000001e-07 15701758.524799772
493.0 62.88488890423038 1e-08 0.008857507321367614 2.400000000000001e-07 16469486.981265113
474.0 62.90837442292944 1e-08 0.008516142941842289 2.400000000000001e-07 17342513.264808178
461.0 62.92445117297168 1e-08 0.008282577840061804 2.400000000000001e-07 18121612.655673474
375.0 63.031029823935484 1e-08 0.006737454859052444 2.400000000000001e-07 14515975.186424797
319.0 63.10062420578093 1e-08 0.005731328266767279 2.400000000000001e-07 9318415.946404744
321.0 63.09813434045085 1e-08 0.005767261359348893 2.400000000000001e-07 10506958.419110611
300.0 63.12427071176712 1e-08 0.0053899638872419555 2.400000000000001e-07 8810156.394897658
286.0 63.14170324385106 1e-08 0.005138432239170664 2.400000000000001e-07 8525505.16140128
253.0 63.18283937358099 1e-08 0.004545536211574049 2.400000000000001e-07 7117935.293819177
231.0 63.21029123576141 1e-08 0.004150272193176306 2.400000000000001e-07 6644801.319045678
202.0 63.246516525498215 1e-08 0.003629242350742917 2.400000000000001e-07 5625830.7108961195
236.0 63.20405097187721 1e-08 0.004240104924630338 2.400000000000001e-07 6377461.273045303
228.0 63.214037211886584 1e-08 0.004096372554303886 2.400000000000001e-07 5965777.393214261
228.0 63.214038295084954 1e-08 0.004096372554303886 2.400000000000001e-07 5643765.252974089
208.0 63.239018851266756 1e-08 0.0037370416284877557 2.400000000000001e-07 5076540.5587619385
179.0 63.27527880175469 1e-08 0.003216011786054367 2.400000000000001e-07 4086530.207422428
119.0 63.35042751626385 1e-08 0.002138019008605976 2.400000000000001e-07 3319382.069948227
142.0 63.32159834207175 1e-08 0.002551249573294526 2.400000000000001e-07 3964545.7565207947
147.0 63.31533492798703 1e-08 0.0026410823047485583 2.400000000000001e-07 4213895.459970808
146.0 63.316587308783625 1e-08 0.0026231157584577515 2.400000000000001e-07 4179447.0511821294
128.0 63.339142794875656 1e-08 0.002299717925223234 2.400000000000001e-07 3625152.4367414713
158.0 63.30155895734167 1e-08 0.0028387143139474297 2.400000000000001e-07 4448235.561207086
145.0 63.31783981872069 1e-08 0.0026051492121669452 2.400000000000001e-07 4104928.6036838107
153.0 63.30781994296999 1e-08 0.002748881582493397 2.400000000000001e-07 4295170.836010683
133.0 63.332875735178185 1e-08 0.002389550656677267 2.400000000000001e-07 3711906.7389210286
160.0 63.29905494176809 1e-08 0.0028746474065290428 2.400000000000001e-07 4399693.637952637
150.0 63.311576894108654 1e-08 0.0026949819436209777 2.400000000000001e-07 4150680.471470237
150.0 63.3115768400826 1e-08 0.0026949819436209777 2.400000000000001e-07 4026636.501951374
141.0 63.32285114695801 1e-08 0.002533283027003719 2.400000000000001e-07 3811544.38539159
158.0 63.301558831623986 1e-08 0.002838816321397129 2.400000000000001e-07 4194840.102901174
155.0 63.305315236802045 1e-08 0.0027849147456743984 2.400000000000001e-07 4116992.3533647293
153.0 63.3078195497058 1e-08 0.002748980361859245 2.400000000000001e-07 4007157.3643525834
156.0 63.3040637478561 1e-08 0.0028028819375819753 2.400000000000001e-07 3952005.453217501
150.0 63.31157633190513 1e-08 0.002695078786136515 2.400000000000001e-07 3891024.9989014408
183.0 63.27027365856692 1e-08 0.003287996119086548 2.400000000000001e-07 4524287.843090174
175.0 63.28028057752314 1e-08 0.003144258583825934 2.400000000000001e-07 4493813.785275315
182.0 63.27152446873492 1e-08 0.003270028927178971 2.400000000000001e-07 4340365.4108345555
168.0 63.28904007474143 1e-08 0.0030184882404728965 2.400000000000001e-07 4039608.187007499
187.0 63.265270689827275 1e-08 0.003359864886716855 2.400000000000001e-07 4267250.789183397
166.0 63.2915432803506 1e-08 0.0029825538566577428 2.400000000000001e-07 3781182.6604469903
162.0 63.29655194795069 1e-08 0.0029106850890274357 2.400000000000001e-07 3467736.213532431
140.0 63.32410325946147 1e-08 0.002515406867060747 2.400000000000001e-07 2925735.859121384
123.0 63.345411533709466 1e-08 0.002209964604631942 2.400000000000001e-07 2695902.205545336
79.0 63.40062419717628 1e-08 0.0014194081606985645 2.400000000000001e-07 1927090.2084817311
67.0 63.41569901526935 1e-08 0.0012038018578076433 2.400000000000001e-07 1597463.5869864062
90.0 63.38681146500001 1e-08 0.0016170472716819089 2.400000000000001e-07 2076042.9884759635
85.0 63.39308932140921 1e-08 0.001527211312144025 2.400000000000001e-07 1862752.7834210845
93.0 63.383045300472034 1e-08 0.001670948847404639 2.400000000000001e-07 2029846.265400807
57.0 63.42826708762308 1e-08 0.0010241299387318756 2.400000000000001e-07 1199281.6054744697
74.0 63.4069049206424 1e-08 0.0013295722011606806 2.400000000000001e-07 1447315.8103946252
54.0 63.43203848287319 1e-08 0.0009702283630091453 2.400000000000001e-07 1053940.935426708
36.0 63.454677411216544 1e-08 0.0006468189086727635 2.400000000000001e-07 634431.1164549724
31.0 63.46096791752458 1e-08 0.0005569829491348797 2.400000000000001e-07 490326.8799802116
16.0 63.47984854591048 1e-08 0.0002874750705212282 2.400000000000001e-07 285856.08951605984
0.0 63.5 1e-08 0.0 2.400000000000001e-07 0.0
0.0 63.5 1e-08 0.0 2.500000000000001e-07 0.0
0.0 63.5 1e-08 0.0 2.600000000000001e-07 0.0
0.0 63.5 1e-08 0.0 2.700000000000001e-07 0.0
0.0 63.5 1e-08 0.0 2.800000000000001e-07 0.0
0.0 63.5 1e-08 0.0 2.9000000000000014e-07 0.0
0.0 63.5 1e-08 0.0 3.0000000000000015e-07 0.0
19.0 63.47607264606887 1e-08 0.00034138891384421886 3.1000000000000016e-07 902019.1636679907
358.0 63.05214567679682 1e-08 0.006432485850327913 3.1000000000000016e-07 15634027.815011531
578.0 62.78004133800615 1e-08 0.010385410115892552 3.1000000000000016e-07 26177536.867527477
578.0 62.780036712330926 1e-08 0.010385410115892552 3.1000000000000016e-07 26996725.627841193
598.0 62.7554171542926 1e-08 0.01074476686730752 3.1000000000000016e-07 27838927.35639509
623.0 62.72467024684794 1e-08 0.011193962806576228 3.1000000000000016e-07 29359271.604067087
724.0 62.60075610685757 1e-08 0.013008714401221814 3.1000000000000016e-07 33462926.59159247
931.0 62.348313323549775 1e-08 0.016728056778366723 3.1000000000000016e-07 41505330.59197457
948.0 62.32767127029213 1e-08 0.017033510017069445 3.1000000000000016e-07 43158517.33183041
1031.0 62.227089126044454 1e-08 0.01852484053544156 3.1000000000000016e-07 45919081.77506975
938.0 62.33981277519697 1e-08 0.016853831641361963 3.1000000000000016e-07 40521064.56587573
954.0 62.32038962202961 1e-08 0.017141317042493935 3.1000000000000016e-07 42431626.25588104
966.0 62.305830014428714 1e-08 0.017356931093342916 3.1000000000000016e-07 41427743.50466502
869.0 62.42370674075765 1e-08 0.015614050848980324 3.1000000000000016e-07 36996746.47877788
866.0 62.42736266360132 1e-08 0.015560147336268081 3.1000000000000016e-07 36342442.74703829
879.0 62.411533307166565 1e-08 0.01579372922468781 3.1000000000000016e-07 39366173.199797034
820.0 62.48342553984715 1e-08 0.014733626808013656 3.1000000000000016e-07 35293171.41974673
836.0 62.46390980980007 1e-08 0.01502111220914563 3.1000000000000016e-07 38988864.90907258
956.0 62.31796534629319 1e-08 0.017177252717635434 3.1000000000000016e-07 42017903.13430958
1091.0 62.15457608930809 1e-08 0.01960291078968646 3.1000000000000016e-07 46867867.02715327
1079.0 62.169061762580625 1e-08 0.019387296738837483 3.1000000000000016e-07 47040280.87805161
1156.0 62.07621580388692 1e-08 0.020770820231785104 3.1000000000000016e-07 48016116.37881601
1101.0 62.142509555416254 1e-08 0.019782589165393945 3.1000000000000016e-07 46630336.0851838
1050.0 62.20410870715 1e-08 0.018866229449285777 3.1000000000000016e-07 41886237.621160336
996.0 62.269460185998156 1e-08 0.017895966220465367 3.1000000000000016e-07 39601605.8433762
1016.0 62.24523815920721 1e-08 0.018255322971880334 3.1000000000000016e-07 42961560.28098574
928.0 62.351954744983566 1e-08 0.016674153265654478 3.1000000000000016e-07 40564515.131741576
937.0 62.341028330654225 1e-08 0.016835863803791214 3.1000000000000016e-07 38211781.50634359
1078.0 62.17027336665135 1e-08 0.019369328901266733 3.1000000000000016e-07 41607920.26196571
1117.0 62.123203080313054 1e-08 0.02007007456652592 3.1000000000000016e-07 43158332.55744463
1132.0 62.10512103228603 1e-08 0.02033995759514141 3.1000000000000016e-07 46698423.72619547
1000.0 62.26461338919566 1e-08 0.01796816041973623 3.1000000000000016e-07 38307612.225935906
929.0 62.350736990163846 1e-08 0.016692421029934956 3.1000000000000016e-07 34185958.04119344
882.0 62.40788213743957 1e-08 0.015847917490207353 3.1000000000000016e-07 32060749.535959303
929.0 62.35073846933578 1e-08 0.016692421029934956 3.1000000000000016e-07 35442377.07466605
918.0 62.364099950352745 1e-08 0.01649536404801265 3.1000000000000016e-07 32682908.52747149
844.0 62.45415887705329 1e-08 0.015165672392726228 3.1000000000000016e-07 30920543.40745145
793.0 62.51637701108873 1e-08 0.014249263278947747 3.1000000000000016e-07 28842848.932426743
795.0 62.51393465726634 1e-08 0.014285200891252785 3.1000000000000016e-07 29117544.566969126
748.0 62.57137713573297 1e-08 0.013440667002084381 3.1000000000000016e-07 27713776.584694568
762.0 62.554256051440554 1e-08 0.013692230288219651 3.1000000000000016e-07 25992908.98479382
723.0 62.601973414197744 1e-08 0.012991446848271401 3.1000000000000016e-07 27733735.756276175
688.0 62.64485856021864 1e-08 0.012362538632933228 3.1000000000000016e-07 26744928.916414008
651.0 62.69026256385302 1e-08 0.011697692805290016 3.1000000000000016e-07 25879456.991219115
571.0 62.788657159539675 1e-08 0.010260188313088479 3.1000000000000016e-07 21176470.019392833
602.0 62.750493189541594 1e-08 0.010817221303816574 3.1000000000000016e-07 21299351.61744438
500.0 62.87623794770141 1e-08 0.008984403076259613 3.1000000000000016e-07 16933461.129644386
487.0 62.892300151974915 1e-08 0.008750808596276863 3.1000000000000016e-07 16694828.478075277
467.0 62.917027372009436 1e-08 0.00839143247322648 3.1000000000000016e-07 15735091.110662961
480.0 62.90095185041592 1e-08 0.00862502695320923 3.1000000000000016e-07 15977203.824014599
468.0 62.91579038843444 1e-08 0.008409401279378998 3.1000000000000016e-07 15265476.579598827
452.0 62.935586284436 1e-08 0.00812190038093869 3.1000000000000016e-07 14611797.095845511
421.0 62.9739758117653 1e-08 0.007564867390210594 3.1000000000000016e-07 13731396.239160905
411.0 62.9863700256958 1e-08 0.007385179328685402 3.1000000000000016e-07 13027959.602453459
384.0 63.01985721555712 1e-08 0.006900021562567383 3.1000000000000016e-07 12417888.51517428
383.0 63.021098373664586 1e-08 0.0068820527564148635 3.1000000000000016e-07 12106459.36894532
346.0 63.06704702268781 1e-08 0.006217206928771653 3.1000000000000016e-07 11607333.026968524
302.0 63.121776757400184 1e-08 0.005426579458060806 3.1000000000000016e-07 8485785.51762915
308.0 63.11430756435496 1e-08 0.005534392294975922 3.1000000000000016e-07 8302685.460596023
304.0 63.11928640069532 1e-08 0.005462517070365845 3.1000000000000016e-07 7973663.402296771
312.0 63.109329020771426 1e-08 0.005606267519585999 3.1000000000000016e-07 8123615.6988759
301.0 63.123020999795145 1e-08 0.005408610651908287 3.1000000000000016e-07 7538005.90200365
301.0 63.12302103826054 1e-08 0.005408610651908287 3.1000000000000016e-07 7371761.053276694
273.0 63.15790053620143 1e-08 0.0049054840796377485 3.1000000000000016e-07 6565673.599377809
265.0 63.16787296225285 1e-08 0.004761733630417595 3.1000000000000016e-07 6261362.020443131
224.0 63.21903024340399 1e-08 0.004025012578164307 3.1000000000000016e-07 5233234.472189123
218.0 63.22652400992124 1e-08 0.003917199741249191 3.1000000000000016e-07 4812375.965029608
174.0 63.28153172258706 1e-08 0.0031265722705383454 3.1000000000000016e-07 3629444.3152251104
160.0 63.299053380505555 1e-08 0.002875008984403076 3.1000000000000016e-07 3240587.621452258
38.0 63.452160335828104 1e-08 0.0006828146337957306 3.1000000000000016e-07 656450.5086911796
24.0 63.469777240002884 1e-08 0.00043125134766046146 3.1000000000000016e-07 410104.26589222916
0.0 63.5 1e-08 0.0 3.1000000000000016e-07 0.0
0.0 63.5 1e-08 0.0 3.2000000000000017e-07 0.0
0.0 63.5 1e-08 0.0 3.300000000000001e-07 0.0
0.0 63.5 1e-08 0.0 3.4000000000000013e-07 0.0
0.0 63.5 1e-08 0.0 3.5000000000000014e-07 0.0
0.0 63.5 1e-08 0.0 3.6000000000000015e-07 0.0
26.0 63.46726183389358 1e-08 0.00046723933436365595 3.7000000000000016e-07 1113375.0579899303
347.0 63.06581464727978 1e-08 0.00623584803939187 3.7000000000000016e-07 15548811.442627944
497.0 62.87994953367592 1e-08 0.008931459583797577 3.7000000000000016e-07 22716694.721776936
521.0 62.850315189298506 1e-08 0.00936292568963968 3.7000000000000016e-07 23794084.30219216
619.0 62.72959354814426 1e-08 0.011124090214754245 3.7000000000000016e-07 28289799.95180334
669.0 62.668177287492725 1e-08 0.01202264354389433 3.7000000000000016e-07 30644781.390278846
715.0 62.61177800016046 1e-08 0.012849312606703208 3.7000000000000016e-07 32631010.17724513
726.0 62.598304872904045 1e-08 0.013046994339114026 3.7000000000000016e-07 33503846.14230769
724.0 62.60075227454223 1e-08 0.013011052205948424 3.7000000000000016e-07 33292008.748586178
715.0 62.61177313948181 1e-08 0.012849312606703208 3.7000000000000016e-07 32596171.425002225
729.0 62.59462989769949 1e-08 0.013100907538862432 3.7000000000000016e-07 32733669.011989094
791.0 62.51881716213741 1e-08 0.014215113666996137 3.7000000000000016e-07 35721701.124511704
730.0 62.59340367404688 1e-08 0.013118878605445233 3.7000000000000016e-07 32248032.068746712
650.0 62.6914917897454 1e-08 0.011681193278821098 3.7000000000000016e-07 28419479.44064182
559.0 62.803442258531355 1e-08 0.010045826219786145 3.7000000000000016e-07 23662781.47046157
573.0 62.786194356910954 1e-08 0.010297421151945369 3.7000000000000016e-07 23428054.66250646
591.0 62.76402889063475 1e-08 0.010620900350435798 3.7000000000000016e-07 24400249.239459865
598.0 62.75541439002728 1e-08 0.01074669781651541 3.7000000000000016e-07 24980721.17926268
660.0 62.67921524581109 1e-08 0.011860903944649115 3.7000000000000016e-07 27508677.307816576
722.0 62.6032022412043 1e-08 0.01297511007278282 3.7000000000000016e-07 30202294.88973464
933.0 62.34588295715728 1e-08 0.016767005121753976 3.7000000000000016e-07 39136983.269912444
1052.0 62.20169071864892 1e-08 0.018904882563300807 3.7000000000000016e-07 44499192.98408956
1162.0 62.068996168601224 1e-08 0.02088162883893112 3.7000000000000016e-07 49130127.18609616
1157.0 62.07501764604812 1e-08 0.02079177673549338 3.7000000000000016e-07 48397170.48716451
1172.0 62.05696082012109 1e-08 0.021061333045806603 3.7000000000000016e-07 49170469.4249467
1065.0 62.185977911042706 1e-08 0.019138498032238934 3.7000000000000016e-07 45876663.11474971
1028.0 62.23071733294249 1e-08 0.018473592466799648 3.7000000000000016e-07 43920606.936234586
974.0 62.29612738043627 1e-08 0.01750318974967204 3.7000000000000016e-07 39935962.13798482
1054.0 62.19927029297702 1e-08 0.018940823404675903 3.7000000000000016e-07 41455245.951533064
1131.0 62.1063319635547 1e-08 0.02032454579761712 3.7000000000000016e-07 45035135.4668885
1168.0 62.06177049348103 1e-08 0.02098945136305641 3.7000000000000016e-07 46311669.03883687
1229.0 61.98844530123319 1e-08 0.022085647024996855 3.7000000000000016e-07 48246782.16404462
1251.0 61.96204321394103 1e-08 0.022481804295084912 3.7000000000000016e-07 48630585.34530534
1339.0 61.85665748097881 1e-08 0.02406325815437146 3.7000000000000016e-07 54432215.617074266
1332.0 61.865026879734785 1e-08 0.02393746068829185 3.7000000000000016e-07 55993957.48822485
1332.0 61.865027309278396 1e-08 0.02393746068829185 3.7000000000000016e-07 54075639.5468052
1158.0 62.07380704655932 1e-08 0.020810495102884356 3.7000000000000016e-07 45959176.29745746
1284.0 61.92248473278265 1e-08 0.02307484949231737 3.7000000000000016e-07 49347153.69161393
1310.0 61.89134888204522 1e-08 0.023542097223470212 3.7000000000000016e-07 50660007.026685886
1355.0 61.837533590174836 1e-08 0.02435079521969629 3.7000000000000016e-07 52997326.81111458
1223.0 61.99564633467333 1e-08 0.021978614430766465 3.7000000000000016e-07 45218137.716940194
1232.0 61.984843800309655 1e-08 0.02214035403001168 3.7000000000000016e-07 47497694.35735062
1090.0 62.15578322574044 1e-08 0.019588462575253842 3.7000000000000016e-07 40250610.13375668
1130.0 62.10753235728974 1e-08 0.020307305238565908 3.7000000000000016e-07 41520106.57909769
1069.0 62.18113839802208 1e-08 0.019211070177015007 3.7000000000000016e-07 38674165.36744957
955.0 62.3191705549777 1e-08 0.017162368586575612 3.7000000000000016e-07 33328292.159851864
980.0 62.28884886399633 1e-08 0.017611645251145655 3.7000000000000016e-07 34420486.628906414
981.0 62.287635061285826 1e-08 0.017630249986521216 3.7000000000000016e-07 35578026.41428193
871.0 62.42127183272705 1e-08 0.015653361608827705 3.7000000000000016e-07 33795870.648429796
881.0 62.40910047293799 1e-08 0.01583307873407257 3.7000000000000016e-07 33467415.273879416
892.0 62.39571658687049 1e-08 0.016030767571841922 3.7000000000000016e-07 33402293.453195382
861.0 62.43344939881445 1e-08 0.01547364448358284 3.7000000000000016e-07 31151396.911811143
866.0 62.42736101837068 1e-08 0.015563503046205273 3.7000000000000016e-07 32451031.866732378
840.0 62.45903568366089 1e-08 0.015096238520568624 3.7000000000000016e-07 32062314.261453293
845.0 62.45294028398493 1e-08 0.015186097083191057 3.7000000000000016e-07 32426087.321402423
872.0 62.42004983271643 1e-08 0.01567133332135219 3.7000000000000016e-07 34735637.30241757
860.0 62.43466195314866 1e-08 0.015455672771058354 3.7000000000000016e-07 34621033.87983692
870.0 62.422485343541524 1e-08 0.01563538989630322 3.7000000000000016e-07 34640314.579321645
791.0 62.51881534974785 1e-08 0.01421562460686879 3.7000000000000016e-07 31963101.44071747
757.0 62.560370150908895 1e-08 0.01360458638103625 3.7000000000000016e-07 28677523.850009557
798.0 62.51027042250882 1e-08 0.014340653416238363 3.7000000000000016e-07 27831711.25830797
812.0 62.493181871413 1e-08 0.014592243827049564 3.7000000000000016e-07 27814769.124302786
846.0 62.45172151652129 1e-08 0.01520324911044819 3.7000000000000016e-07 27455378.524052512
906.0 62.37868812845395 1e-08 0.016281493728210472 3.7000000000000016e-07 30465295.835943
964.0 62.30825105217709 1e-08 0.017323796858714012 3.7000000000000016e-07 33487617.696797814
979.0 62.29006030554875 1e-08 0.017593358013154585 3.7000000000000016e-07 34256217.864521995
941.0 62.33616260481124 1e-08 0.016910469755238473 3.7000000000000016e-07 31008240.789915908
917.0 62.365315492143424 1e-08 0.01647917190813356 3.7000000000000016e-07 29276340.481515113
929.0 62.35073644254534 1e-08 0.016694820831686014 3.7000000000000016e-07 29880708.89305214
901.0 62.3847665405378 1e-08 0.016191640010063617 3.7000000000000016e-07 30388005.652428247
796.0 62.51271032375551 1e-08 0.014304711928979622 3.7000000000000016e-07 26208044.819241695
812.0 62.49318068523556 1e-08 0.014592243827049564 3.7000000000000016e-07 27243202.647843044
799.0 62.509049627090846 1e-08 0.014358624159867736 3.7000000000000016e-07 27564076.434697658
781.0 62.53103382555837 1e-08 0.01403515077453905 3.7000000000000016e-07 24872609.120658293
790.0 62.52003981460861 1e-08 0.014196887467203392 3.7000000000000016e-07 24759529.099322394
768.0 62.54692022286402 1e-08 0.013801531107357223 3.7000000000000016e-07 23711617.7806947
764.0 62.55180893515305 1e-08 0.013729648132839736 3.7000000000000016e-07 23965124.800780833
617.0 62.73204285926211 1e-08 0.011087948819322143 3.7000000000000016e-07 21184191.613993965
609.0 62.74187934584248 1e-08 0.010944182870287172 3.7000000000000016e-07 20970825.788485985
576.0 62.78249572426068 1e-08 0.010351148330517916 3.7000000000000016e-07 18083624.154323373
544.0 62.82193178352892 1e-08 0.009776084534378032 3.7000000000000016e-07 16588035.181231905
502.0 62.87376721468183 1e-08 0.009021313301944434 3.7000000000000016e-07 15091724.761457019
495.0 62.882415375309506 1e-08 0.008895518096538834 3.7000000000000016e-07 14865527.34870699
492.0 62.88612165161039 1e-08 0.00884160586565072 3.7000000000000016e-07 14794546.324240092
522.0 62.84907303785811 1e-08 0.009380728174531863 3.7000000000000016e-07 15616409.722086247
502.0 62.87376662873218 1e-08 0.009021313301944434 3.7000000000000016e-07 13108886.257435175
486.0 62.89353555762742 1e-08 0.008733781403874492 3.7000000000000016e-07 12417100.455393182
456.0 62.93063529092896 1e-08 0.00819465909499335 3.7000000000000016e-07 11195074.300824929
406.0 62.9925663540845 1e-08 0.007296121913524782 3.7000000000000016e-07 10126442.768380594
321.0 63.098130895441685 1e-08 0.005768608705028214 3.7000000000000016e-07 7958273.200305829
313.0 63.10808435146622 1e-08 0.005624842755993243 3.7000000000000016e-07 7439601.435155939
273.0 63.157900520183276 1e-08 0.004906013010818388 3.7000000000000016e-07 6085149.042263906
275.0 63.15540790302402 1e-08 0.00494195449807713 3.7000000000000016e-07 6068802.069755243
220.0 63.224026007767705 1e-08 0.003953563598461704 3.7000000000000016e-07 4970420.782946456
231.0 63.21028984220743 1e-08 0.00415124177838479 3.7000000000000016e-07 5263738.624688617
201.0 63.24776444027075 1e-08 0.003612119469503648 3.7000000000000016e-07 4568706.830363022
190.0 63.26151674152848 1e-08 0.003414441289580563 3.7000000000000016e-07 4336502.612194139
140.0 63.32410161121317 1e-08 0.0025159041081119935 3.7000000000000016e-07 3197064.708497891
139.0 63.325354532024356 1e-08 0.0024979333644826224 3.7000000000000016e-07 3036152.486093172
116.0 63.35418695965778 1e-08 0.0020846062610070807 3.7000000000000016e-07 2298704.7282936787
109.0 63.362967192268925 1e-08 0.001958811055601481 3.7000000000000016e-07 2058921.0286137275
84.0 63.39434496218849 1e-08 0.0015095424648671962 3.7000000000000016e-07 1397934.1631380683
91.0 63.38555595358702 1e-08 0.001635337670272796 3.7000000000000016e-07 1520863.225523627
78.0 63.40188017706017 1e-08 0.001401718003090968 3.7000000000000016e-07 1275596.029861655
95.0 63.38053449979298 1e-08 0.0017072206447902815 3.7000000000000016e-07 1588399.3002199344
57.0 63.42826633701661 1e-08 0.0010243323868741687 3.7000000000000016e-07 955147.3276195505
19.0 63.47607115672053 1e-08 0.0003414441289580563 3.7000000000000016e-07 260729.47739408485
0.0 63.5 1e-08 0.0 3.7000000000000016e-07 0.0
0.0 63.5 1e-08 0.0 3.7000000000000016e-07 0.0
0.0 63.5 1e-08 0.0 3.8000000000000017e-07 0.0
0.0 63.5 1e-08 0.0 3.8000000000000017e-07 0.0
0.0 63.5 1e-08 0.0 3.900000000000002e-07 0.0
0.0 63.5 1e-08 0.0 3.900000000000002e-07 0.0
0.0 63.5 1e-08 0.0 4.000000000000002e-07 0.0
0.0 63.5 1e-08 0.0 4.000000000000002e-07 0.0
4.0 63.49496126678907 1e-08 7.188685009794584e-05 4.100000000000002e-07 173638.2095259711
250.0 63.18658839377392 1e-08 0.004492928131121615 4.100000000000002e-07 11291389.082366679
501.0 62.875009782270965 1e-08 0.009003827974767715 4.2000000000000016e-07 23138201.227565788
502.0 62.87376978943205 1e-08 0.009021799687292203 4.100000000000002e-07 23963711.452574275
561.0 62.80097890390167 1e-08 0.010082130726236904 4.2000000000000016e-07 26623899.688980877
623.0 62.72467391713257 1e-08 0.011196376902755064 4.100000000000002e-07 29554383.818310082
708.0 62.62035588321282 1e-08 0.012723972467336413 4.2000000000000016e-07 32665473.408566844
763.0 62.55303564100921 1e-08 0.013712416656183168 4.100000000000002e-07 35465986.8215162
769.0 62.54569896587365 1e-08 0.013820246931330087 4.2000000000000016e-07 34810400.850387275
801.0 62.506608572710114 1e-08 0.014395341732113653 4.100000000000002e-07 37029119.63437216
788.0 62.522482871935864 1e-08 0.01416170946929533 4.2000000000000016e-07 36310187.276847064
873.0 62.4188331790754 1e-08 0.015689305033876676 4.100000000000002e-07 38818491.518655136
899.0 62.3872012979927 1e-08 0.016156569559513327 4.2000000000000016e-07 40163392.289357364
902.0 62.38355370086179 1e-08 0.016210484697086785 4.100000000000002e-07 41007626.65931054
946.0 62.33009753124261 1e-08 0.01700124004816419 4.2000000000000016e-07 42639306.37439071
992.0 62.27430619665208 1e-08 0.017827938824290568 4.100000000000002e-07 43490748.313909404
971.0 62.2997657077575 1e-08 0.01745053286127635 4.2000000000000016e-07 42228302.54104571
1075.0 62.17389442735133 1e-08 0.019319590963822943 4.100000000000002e-07 46077492.071449906
1059.0 62.1932249831701 1e-08 0.019032727664851458 4.2000000000000016e-07 46280323.7709147
1036.0 62.22103511810862 1e-08 0.018619363419061483 4.100000000000002e-07 45567424.80793738
1022.0 62.23797448127649 1e-08 0.018367750399884978 4.2000000000000016e-07 44226160.13184781
1072.0 62.177519826562296 1e-08 0.019266368325515357 4.100000000000002e-07 45523626.80436303
1166.0 62.064181900882126 1e-08 0.02095577002570047 4.2000000000000016e-07 49964796.80930204
1288.0 61.917693837969274 1e-08 0.0231483977642386 4.100000000000002e-07 56673318.33017136
1294.0 61.91050671317673 1e-08 0.023256231915314247 4.2000000000000016e-07 56449874.343373254
1248.0 61.96564413626494 1e-08 0.022429503423734298 4.100000000000002e-07 53948135.54466337
1281.0 61.92608018367447 1e-08 0.023022591254650348 4.2000000000000016e-07 55158413.58043415
1367.0 61.823201429086474 1e-08 0.024568214086734604 4.100000000000002e-07 58453542.79944402
1347.0 61.84709786074084 1e-08 0.02420876691648245 4.2000000000000016e-07 56896839.870900385
1292.0 61.912896868501065 1e-08 0.02322028719828903 4.100000000000002e-07 54553111.45924544
1373.0 61.81603483323318 1e-08 0.024676935243264617 4.2000000000000016e-07 58022489.07680614
1276.0 61.9320635594934 1e-08 0.022933553802189113 4.100000000000002e-07 51478434.88954663
1208.0 62.01366802299459 1e-08 0.021711389492981542 4.2000000000000016e-07 50573654.558135144
1118.0 62.12200303854913 1e-08 0.02009381908373623 4.100000000000002e-07 46351714.59382107
1248.0 61.96564289166008 1e-08 0.022430309674868348 4.2000000000000016e-07 51501283.88817689
1444.0 61.73137347465273 1e-08 0.025953951507090605 4.100000000000002e-07 58570568.089417025
1347.0 61.84708724508337 1e-08 0.024210507396157235 4.2000000000000016e-07 54491951.30275726
1243.0 61.9716405379704 1e-08 0.02234124773082661 4.100000000000002e-07 49986971.89327749
1260.0 61.95124471716695 1e-08 0.02264679979150565 4.2000000000000016e-07 48308909.790609404
1325.0 61.873397492578164 1e-08 0.023815087082337292 4.100000000000002e-07 49654202.63763308
1418.0 61.762353679399375 1e-08 0.02548663659075795 4.2000000000000016e-07 54281222.14335279
1443.0 61.73257189012348 1e-08 0.025935977856462428 4.100000000000002e-07 55356529.57943995
1502.0 61.662395993461516 1e-08 0.026996423243524994 4.2000000000000016e-07 59263727.23538528
1552.0 61.60305675875978 1e-08 0.027895105774933947 4.100000000000002e-07 58987090.268112116
1759.0 61.358577850796635 1e-08 0.03161565145496702 4.2000000000000016e-07 67877132.16814478
1678.0 61.45400701201087 1e-08 0.03015978575408451 4.100000000000002e-07 63145960.36118652
1611.0 61.533173887316316 1e-08 0.028955551161996513 4.2000000000000016e-07 60821708.60576202
1606.0 61.53908938875509 1e-08 0.02886568290885562 4.100000000000002e-07 59674562.018081956
1651.0 61.485889043163574 1e-08 0.029674497187123675 4.2000000000000016e-07 61177818.8510146
1627.0 61.5142500513142 1e-08 0.029243129572047378 4.100000000000002e-07 57282414.3183114
1778.0 61.3362281088796 1e-08 0.031957150816902424 4.2000000000000016e-07 65110462.43387983
1770.0 61.34563631087918 1e-08 0.031813361611876985 4.100000000000002e-07 64935652.11591623
1787.0 61.32565292121884 1e-08 0.03211891367255603 4.2000000000000016e-07 66125844.04973379
1752.0 61.36681081723807 1e-08 0.031489835900569765 4.100000000000002e-07 63595197.85242723
1786.0 61.326825975032584 1e-08 0.03210094002192786 4.2000000000000016e-07 65762777.84446646
1692.0 61.43748926820421 1e-08 0.03041141686287902 4.100000000000002e-07 59154845.41217971
1613.0 61.53080515096822 1e-08 0.02899149846325287 4.2000000000000016e-07 57826114.299973994
1551.0 61.60423438943036 1e-08 0.02787713212430577 4.100000000000002e-07 56984819.04322903
1577.0 61.573421031572735 1e-08 0.028344447040638425 4.2000000000000016e-07 58690439.491616964
1493.0 61.673085395431606 1e-08 0.02683466038787138 4.100000000000002e-07 57327547.11662545
1491.0 61.67546414713443 1e-08 0.0267996764626584 4.2000000000000016e-07 55030858.24809909
1364.0 61.82677630171959 1e-08 0.02451694077469219 4.100000000000002e-07 49323332.22861962
1323.0 61.87578602297552 1e-08 0.023779994607710974 4.2000000000000016e-07 46149110.743997514
1333.0 61.863826290054206 1e-08 0.023959737575267367 4.100000000000002e-07 46696977.31048722
1384.0 61.802899529133434 1e-08 0.02487642670980498 4.2000000000000016e-07 48344096.40843041
1325.0 61.873391214574205 1e-08 0.023815943201222253 4.100000000000002e-07 45625751.55365835
1296.0 61.908101128697915 1e-08 0.0232938512141201 4.2000000000000016e-07 44641723.9230394
1270.0 61.939251469720745 1e-08 0.022826536297787442 4.100000000000002e-07 42030067.03009422
1239.0 61.97643478401994 1e-08 0.022269353128313893 4.2000000000000016e-07 40535484.02351451
1252.0 61.96083653126969 1e-08 0.022503819538060573 4.100000000000002e-07 41325870.3015396
1263.0 61.94764337377441 1e-08 0.022701536802372607 4.2000000000000016e-07 41610412.02100888
1241.0 61.974036059222215 1e-08 0.02230610227374854 4.100000000000002e-07 40536810.865859404
1178.0 62.049730271809125 1e-08 0.021173721578143255 4.2000000000000016e-07 38771578.143841125
1060.0 62.19201193921772 1e-08 0.0190527545609778 4.100000000000002e-07 34749489.25423768
1086.0 62.16060380789807 1e-08 0.019520086276624427 4.2000000000000016e-07 35613763.48101684
1060.0 62.19201040157904 1e-08 0.0190527545609778 4.100000000000002e-07 35096724.589864135
1049.0 62.2053079740404 1e-08 0.018855037296665766 4.2000000000000016e-07 34460582.05779305
1023.0 62.23675801483971 1e-08 0.018387705581019143 4.100000000000002e-07 33564883.1524944
1006.0 62.257339761141644 1e-08 0.01808214253617327 4.2000000000000016e-07 31678866.643273637
948.0 62.327661362864625 1e-08 0.017039633324346184 4.100000000000002e-07 30194057.764704257
930.0 62.349518183317926 1e-08 0.016716095982744674 4.2000000000000016e-07 29271789.090000678
906.0 62.37868370415 1e-08 0.01628471286060933 4.100000000000002e-07 28698505.180399172
907.0 62.377468164747256 1e-08 0.016302687157364968 4.2000000000000016e-07 28299431.045200482
913.0 62.37017419791155 1e-08 0.016410532937898806 4.100000000000002e-07 28533393.558343265
914.0 62.368958805566145 1e-08 0.016428507234654444 4.2000000000000016e-07 27195460.33739477
1085.0 62.16181507395451 1e-08 0.01950211197986879 4.100000000000002e-07 33379954.652178496
1131.0 62.10632569544867 1e-08 0.0203289296306282 4.2000000000000016e-07 35665304.988588214
1215.0 62.00525546642887 1e-08 0.021838770558101916 4.100000000000002e-07 39515683.41198005
1239.0 61.97643914316032 1e-08 0.02227015368023726 4.2000000000000016e-07 41023073.356375515
1278.0 61.929668546569474 1e-08 0.02297197706397282 4.100000000000002e-07 43515149.30237341
1293.0 61.911697118730565 1e-08 0.023241601207916164 4.2000000000000016e-07 44343718.33720093
1334.0 61.86263428359165 1e-08 0.02397857386802797 4.100000000000002e-07 46147669.27530269
1246.0 61.96804080408151 1e-08 0.022396778890227023 4.2000000000000016e-07 41914114.177807234
1313.0 61.88775631512882 1e-08 0.02360110006650729 4.100000000000002e-07 45670653.63269767
1173.0 62.055752887325035 1e-08 0.02108460805636942 4.2000000000000016e-07 41457113.76964324
1213.0 62.007660921304655 1e-08 0.021804389638870415 4.100000000000002e-07 43247319.99895424
1191.0 62.03409907619795 1e-08 0.021408926677571858 4.2000000000000016e-07 44840913.75088881
1132.0 62.105124680011464 1e-08 0.02034836691772573 4.100000000000002e-07 40413466.299389884
1169.0 62.06056510224741 1e-08 0.0210134637162733 4.2000000000000016e-07 41932117.80977674
1186.0 62.04011193839666 1e-08 0.021319048731822186 4.100000000000002e-07 42300521.67811401
1235.0 61.981241112486465 1e-08 0.02219985260016897 4.2000000000000016e-07 44306453.664788544
1280.0 61.92726996368759 1e-08 0.023008754111916017 4.100000000000002e-07 44773201.307154655
1270.0 61.93925479192318 1e-08 0.022828998220416674 4.2000000000000016e-07 46304381.07882722
1266.0 61.94404878041288 1e-08 0.022757095863816936 4.100000000000002e-07 44155027.76786863
1261.0 61.950043553560604 1e-08 0.02266803286055834 4.2000000000000016e-07 42173521.31488733
1159.0 62.072597710265185 1e-08 0.02083445684804688 4.100000000000002e-07 38867695.275368944
1101.0 62.14250614135461 1e-08 0.0197918351938737 4.2000000000000016e-07 36108822.68741064
1198.0 62.02568234230632 1e-08 0.021535530029301263 4.100000000000002e-07 40523398.91798492
1149.0 62.08464041286972 1e-08 0.02065469449387909 4.2000000000000016e-07 38553739.18882519
1121.0 62.118381205168845 1e-08 0.020152084419436604 4.100000000000002e-07 37864011.17833752
1038.0 62.218613934377224 1e-08 0.01866000323583871 4.2000000000000016e-07 35356898.196540326
1006.0 62.25734232847535 1e-08 0.018084743020475667 4.100000000000002e-07 34756472.86556262
1001.0 62.263398563353874 1e-08 0.017994858611825194 4.2000000000000016e-07 34161853.759727165
993.0 62.27309036250343 1e-08 0.017851043557984433 4.100000000000002e-07 33555232.24380994
959.0 62.31431489624059 1e-08 0.0172398295791612 4.2000000000000016e-07 31039964.644130297
962.0 62.31067500652842 1e-08 0.017293760224351484 4.100000000000002e-07 30717732.640704576
945.0 62.33130416438373 1e-08 0.01698815323493987 4.2000000000000016e-07 30023984.233418442
909.0 62.37503752914697 1e-08 0.016340985492656442 4.100000000000002e-07 28672995.63179436
863.0 62.43100837368148 1e-08 0.01551404893307207 4.2000000000000016e-07 27342780.152685545
805.0 62.50172321874435 1e-08 0.014471389792726554 4.100000000000002e-07 23722554.859793924
749.0 62.57015125379604 1e-08 0.013464684415841229 4.2000000000000016e-07 21724328.139736533
717.0 62.60932023051406 1e-08 0.012889424200478184 4.100000000000002e-07 20515555.01554196
749.0 62.57015239691227 1e-08 0.013464684415841229 4.2000000000000016e-07 20927040.016199447
723.0 62.60197292958243 1e-08 0.012997285490858755 4.100000000000002e-07 18528588.557043925
743.0 62.577491855965995 1e-08 0.013356823125460658 4.2000000000000016e-07 20596102.554765925
682.0 62.652218147288956 1e-08 0.012260233339924856 4.100000000000002e-07 18156711.582381725
672.0 62.66448517662518 1e-08 0.012080464522623905 4.2000000000000016e-07 17200993.908821903
644.0 62.69885916927611 1e-08 0.011577111834181242 4.100000000000002e-07 16093371.66287809
613.0 62.73695936785303 1e-08 0.011019828500548294 4.2000000000000016e-07 15690832.044848427
581.0 62.776338445811916 1e-08 0.010444568285185252 4.100000000000002e-07 14647808.883568278
562.0 62.79974208474071 1e-08 0.010103007532313446 4.2000000000000016e-07 14437239.249022644
534.0 62.83426496600051 1e-08 0.009599654843870781 4.100000000000002e-07 13290257.890927384
543.0 62.82316411211297 1e-08 0.009761446779441638 4.2000000000000016e-07 13480034.428379368
503.0 62.87253125406563 1e-08 0.009042371510237833 4.100000000000002e-07 12206842.917748312
513.0 62.86018160891877 1e-08 0.009222140327538784 4.2000000000000016e-07 12374014.951378018
479.0 62.902186733234586 1e-08 0.008610926348715553 4.100000000000002e-07 11407537.764364114
491.0 62.88735423646471 1e-08 0.008826648929476693 4.2000000000000016e-07 11283555.036608504
451.0 62.93682242655288 1e-08 0.008107573660272888 4.100000000000002e-07 9754259.111651793
486.0 62.89353423368004 1e-08 0.008736764520826218 4.2000000000000016e-07 10349060.587767072
428.0 62.96529938783859 1e-08 0.007694105380480702 4.100000000000002e-07 8946737.545835242
331.0 63.08569128755088 1e-08 0.005950347852661477 4.2000000000000016e-07 7426333.834914475
303.0 63.12052899563359 1e-08 0.005446995164218814 4.100000000000002e-07 6692147.544022961
297.0 63.127999204778924 1e-08 0.005339133873838244 4.2000000000000016e-07 6365661.805742506
232.0 63.20904140176011 1e-08 0.0041706365613820625 4.100000000000002e-07 4738357.954469606
219.0 63.225273553905616 1e-08 0.003936937098890827 4.2000000000000016e-07 4530387.077974063
155.0 63.305313319939955 1e-08 0.00278641666816474 4.100000000000002e-07 3198707.3034505765
140.0 63.32410146110506 1e-08 0.0025167634422133137 4.2000000000000016e-07 2741108.7627939573
110.0 63.361712514625005 1e-08 0.0019774569903104606 4.100000000000002e-07 1880430.0815523427
111.0 63.360458138442965 1e-08 0.0019954338720405557 4.2000000000000016e-07 1868164.568191356
96.0 63.37927958091252 1e-08 0.0017257806460891294 4.100000000000002e-07 1563146.398188904
109.0 63.36296685244271 1e-08 0.0019594801085803656 4.2000000000000016e-07 1794326.0316778284
82.0 63.39685602360659 1e-08 0.001474104301867798 4.100000000000002e-07 1362095.630554192
106.0 63.36673040643079 1e-08 0.0019055494633900803 4.2000000000000016e-07 1731158.0070593231
72.0 63.409415775231345 1e-08 0.0012943354845668471 4.100000000000002e-07 1199513.4688353674
48.0 63.439582020624094 1e-08 0.0008628903230445647 4.2000000000000016e-07 669140.4184362179
0.0 63.5 1e-08 0.0 4.100000000000002e-07 0.0
0.0 63.5 1e-08 0.0 4.2000000000000016e-07 0.0
0.0 63.5 1e-08 0.0 4.2000000000000016e-07 0.0
0.0 63.5 1e-08 0.0 4.3000000000000017e-07 0.0
0.0 63.5 1e-08 0.0 4.3000000000000017e-07 0.0
0.0 63.5 1e-08 0.0 4.400000000000002e-07 0.0
0.0 63.5 1e-08 0.0 4.400000000000002e-07 0.0
0.0 63.5 1e-08 0.0 4.500000000000002e-07 0.0
0.0 63.5 1e-08 0.0 4.500000000000002e-07 0.0
0.0 63.5 1e-08 0.0 4.600000000000002e-07 0.0
29.0 63.46348648875783 1e-08 0.0005213201984612066 4.600000000000002e-07 1225364.5896642888
433.0 62.95911798387717 1e-08 0.007783849859782843 4.700000000000002e-07 19903295.75753767
569.0 62.79112244463796 1e-08 0.010228661824980226 4.600000000000002e-07 27137570.71757962
515.0 62.85771953959487 1e-08 0.009257927662328323 4.700000000000002e-07 23549584.35120052
614.0 62.735741216628675 1e-08 0.011037606960523477 4.600000000000002e-07 28400798.141155686
677.0 62.65835900028031 1e-08 0.01217013015028403 4.700000000000002e-07 31965854.930692676
722.0 62.60320826957492 1e-08 0.012979075285827282 4.600000000000002e-07 33535393.080637757
750.0 62.56893515218091 1e-08 0.01348241892572086 4.700000000000002e-07 35001837.529579334
781.0 62.531037564434556 1e-08 0.014039692241317321 4.600000000000002e-07 36106215.622772716
858.0 62.437107829192556 1e-08 0.015423887251024664 4.700000000000002e-07 39155780.84215843
939.0 62.338602061093866 1e-08 0.016879988495002517 4.600000000000002e-07 42402638.35847666
1062.0 62.18960773044971 1e-08 0.019091105198820738 4.700000000000002e-07 47467052.80941932
1103.0 62.140099096649614 1e-08 0.019828144100093478 4.600000000000002e-07 49347837.19174954
1140.0 62.09548505934379 1e-08 0.020493276767095708 4.700000000000002e-07 51915045.214866914
1092.0 62.15336683007966 1e-08 0.019630401955849572 4.600000000000002e-07 48458870.19467707
1042.0 62.213779471676915 1e-08 0.018731910762759093 4.700000000000002e-07 44928864.2690123
1029.0 62.22950338664567 1e-08 0.018498211300267856 4.600000000000002e-07 44515143.113235235
1017.0 62.24402965974437 1e-08 0.01828314606741573 4.700000000000002e-07 43171084.33906552
1041.0 62.21498850144828 1e-08 0.018714606741573034 4.600000000000002e-07 44697451.40155226
1011.0 62.25129307521231 1e-08 0.018175280898876406 4.700000000000002e-07 43287308.73799839
1048.0 62.20652283737107 1e-08 0.018840449438202247 4.600000000000002e-07 44885863.56229963
1087.0 62.15940597411623 1e-08 0.019541573033707866 4.700000000000002e-07 46415174.54809362
1121.0 62.11838398470912 1e-08 0.020152808988764044 4.600000000000002e-07 46936526.04612395
1070.0 62.179934728320205 1e-08 0.019235955056179775 4.700000000000002e-07 44349097.043446355
1148.0 62.08585307915518 1e-08 0.020638202247191012 4.600000000000002e-07 47294228.96904259
1265.0 61.94525684183111 1e-08 0.0227423907376445 4.700000000000002e-07 52462290.530186154
1317.0 61.88297216677612 1e-08 0.023677255811444906 4.600000000000002e-07 55873523.684234634
1340.0 61.85546512838857 1e-08 0.024090753824856623 4.700000000000002e-07 56474806.9243574
1351.0 61.842316430276696 1e-08 0.024288513744314403 4.600000000000002e-07 57072552.825869106
1367.0 61.82320045664764 1e-08 0.024576164536252987 4.700000000000002e-07 56938556.525483534
1414.0 61.76712231681019 1e-08 0.025421138737572586 4.600000000000002e-07 59602223.88126938
1340.0 61.85546072168198 1e-08 0.024090753824856623 4.700000000000002e-07 56041382.83493973
1348.0 61.84589935003714 1e-08 0.024234579220825916 4.600000000000002e-07 55143790.92557675
1382.0 61.80529257321015 1e-08 0.024845837153695413 4.700000000000002e-07 55247010.821493514
1354.0 61.838726915901695 1e-08 0.024342448267802887 4.600000000000002e-07 52302279.14819841
1319.0 61.88057255663942 1e-08 0.02371321216043723 4.700000000000002e-07 50564741.24447082
1313.0 61.88775337707757 1e-08 0.02360534311346026 4.600000000000002e-07 49846042.050547466
1271.0 61.93805971236259 1e-08 0.02285025978462147 4.700000000000002e-07 48488333.81845063
1354.0 61.83872905704202 1e-08 0.024342448267802887 4.600000000000002e-07 50625048.72207473
1372.0 61.81722815695472 1e-08 0.024666055408733796 4.700000000000002e-07 50099350.043196626
1516.0 61.645767002863195 1e-08 0.027254912536181078 4.600000000000002e-07 57271765.08542001
1376.0 61.81245211067276 1e-08 0.024737968106718442 4.700000000000002e-07 51513780.12641382
1442.0 61.73376146678109 1e-08 0.025924527623465112 4.600000000000002e-07 52787868.215046085
1517.0 61.64458147864672 1e-08 0.027272890710677237 4.700000000000002e-07 53954073.04919194
1555.0 61.599493143185775 1e-08 0.02795606134153138 4.600000000000002e-07 56079854.656483136
1523.0 61.63745606405902 1e-08 0.027380759757654208 4.700000000000002e-07 53094635.06228126
1495.0 61.670707545404305 1e-08 0.02687737087176168 4.600000000000002e-07 53600344.263840035
1410.0 61.77188566406498 1e-08 0.02534922603958794 4.700000000000002e-07 49265227.1657687
1376.0 61.81245010967084 1e-08 0.024737968106718442 4.600000000000002e-07 47693144.76964153
1397.0 61.78738961275542 1e-08 0.02511550977113784 4.700000000000002e-07 47774504.81470346
1419.0 61.76115820180097 1e-08 0.025511029610053394 4.600000000000002e-07 49071053.81341902
1369.0 61.82080730892673 1e-08 0.024612120885245312 4.700000000000002e-07 44810326.52497871
1388.0 61.79812636774483 1e-08 0.024953706200672384 4.600000000000002e-07 45663065.254256286
1396.0 61.788581395182824 1e-08 0.025097531596641676 4.700000000000002e-07 46249048.656425394
1370.0 61.81961250796302 1e-08 0.024630099059741475 4.600000000000002e-07 44322286.73273069
1363.0 61.82797201743526 1e-08 0.02450425183826834 4.700000000000002e-07 43673366.15661852
1238.0 61.97763705439925 1e-08 0.0222561797752809 4.600000000000002e-07 40797650.80260119
1258.0 61.953642126489996 1e-08 0.02261573033707865 4.700000000000002e-07 41445333.478094324
1220.0 61.99924437468257 1e-08 0.021932584269662922 4.600000000000002e-07 40897100.71121485
1213.0 62.007657599703585 1e-08 0.02180674157303371 4.700000000000002e-07 38689956.87075993
1189.0 62.03650232288545 1e-08 0.021375280898876404 4.600000000000002e-07 37857493.18881924
1176.0 62.05213924490879 1e-08 0.021141573033707867 4.700000000000002e-07 36851477.70184762
1231.0 61.986040125845854 1e-08 0.022130337078651686 4.600000000000002e-07 38373940.04203752
1187.0 62.03890448527123 1e-08 0.021338558613622882 4.700000000000002e-07 38076172.99494209
1121.0 62.11837888131523 1e-08 0.020152084419436604 4.600000000000002e-07 35446484.678141415
1100.0 62.14370931562887 1e-08 0.019774569903104607 4.700000000000002e-07 35028794.58225829
1094.0 62.150950398491176 1e-08 0.019666708612724036 4.600000000000002e-07 35059810.47248393
1092.0 62.153365016067745 1e-08 0.019630754849263847 4.700000000000002e-07 35376695.667280436
1176.0 62.05214032573854 1e-08 0.021140812914591835 4.600000000000002e-07 38928866.416796714
1219.0 62.000447856361234 1e-08 0.021913818828985923 4.700000000000002e-07 39123897.60983747
1247.0 61.966835933870655 1e-08 0.022417171517428586 4.600000000000002e-07 40541972.62919473
1198.0 62.02568067344123 1e-08 0.021536304312653926 4.700000000000002e-07 36841311.01296565
1212.0 62.00885665564468 1e-08 0.021787980656875258 4.600000000000002e-07 37830402.68057072
1227.0 61.99084156764944 1e-08 0.022057633882826683 4.700000000000002e-07 38048656.625376515
1390.0 61.79573996243764 1e-08 0.024987865604832186 4.600000000000002e-07 43839657.12405914
1540.0 61.617280941209174 1e-08 0.02768439786434645 4.700000000000002e-07 48981408.42738256
1689.0 61.44102774726487 1e-08 0.03036295324213062 4.600000000000002e-07 55373746.887017064
1787.0 61.32565215617647 1e-08 0.03212468765167994 4.700000000000002e-07 58520168.36289105
1778.0 61.336228870378214 1e-08 0.03196289571610909 4.600000000000002e-07 57237624.290919825
1738.0 61.383287277842655 1e-08 0.03124494382022472 4.700000000000002e-07 56062892.951287955
1750.0 61.369164175947866 1e-08 0.03146067415730337 4.600000000000002e-07 58345034.81723213
1733.0 61.38917858497277 1e-08 0.031155056179775282 4.700000000000002e-07 59210049.18970156
1888.0 61.20720727173597 1e-08 0.033941573033707866 4.600000000000002e-07 65985369.20868791
1993.0 61.08454579579685 1e-08 0.03582921348314607 4.700000000000002e-07 72472818.38603532
1963.0 61.11954141396829 1e-08 0.035289887640449435 4.600000000000002e-07 70829953.4674173
1864.0 61.23531396884894 1e-08 0.033510112359550565 4.700000000000002e-07 65590136.06477573
1886.0 61.20954640408631 1e-08 0.03390683709976089 4.600000000000002e-07 68702692.69786695
1763.0 61.353874437432765 1e-08 0.031695521636733004 4.700000000000002e-07 64214381.98298429
1777.0 61.33740972892606 1e-08 0.03194721607967927 4.600000000000002e-07 64187323.65314624
1798.0 61.312733650819915 1e-08 0.03232475774409867 4.700000000000002e-07 62933094.41810086
1858.0 61.24233478387485 1e-08 0.03340344821386836 4.600000000000002e-07 64926449.02520539
1811.0 61.29746551401575 1e-08 0.032558474012548765 4.700000000000002e-07 61577509.29880774
1878.0 61.21890352085519 1e-08 0.0337630117037916 4.600000000000002e-07 64537655.68529183
1826.0 61.27985700671743 1e-08 0.032828146629991194 4.700000000000002e-07 62026310.619230315
1901.0 61.19198317801827 1e-08 0.03417650971720332 4.600000000000002e-07 61317587.16337026
1926.0 61.162748104467454 1e-08 0.03462596407960736 4.700000000000002e-07 65330496.049751
1904.0 61.18847121635447 1e-08 0.0342304442406918 4.600000000000002e-07 66372876.61862844
1794.0 61.31742654066985 1e-08 0.03225284504611402 4.700000000000002e-07 62705123.83931127
1836.0 61.2681248746291 1e-08 0.033009115262221105 4.600000000000002e-07 64135082.772137165
1857.0 61.243504878831004 1e-08 0.03338667050214847 4.700000000000002e-07 62998803.46459964
1829.0 61.27633535487635 1e-08 0.032883263515578645 4.600000000000002e-07 62377778.353275165
1792.0 61.31977572574207 1e-08 0.032218047140468525 4.700000000000002e-07 59442586.053645015
1768.0 61.347985773281145 1e-08 0.031786555437694396 4.600000000000002e-07 58418329.4159213
1656.0 61.479974302956876 1e-08 0.029772927491415115 4.700000000000002e-07 55218408.72319597
1617.0 61.52606816999472 1e-08 0.029071753474407148 4.600000000000002e-07 52882019.65250502
1588.0 61.56038891041878 1e-08 0.028550367666888406 4.700000000000002e-07 50196891.45733319
1570.0 61.581708221313 1e-08 0.028226748889807807 4.600000000000002e-07 48849107.68947547
1487.0 61.68021495358545 1e-08 0.026734506751047268 4.700000000000002e-07 46334177.207945466
1462.0 61.709947102388256 1e-08 0.02628598140923066 4.600000000000002e-07 45523127.07461874
1386.0 61.80051085992705 1e-08 0.02491954188316942 4.700000000000002e-07 43347654.39403402
1369.0 61.820804363388504 1e-08 0.02461300587907445 4.600000000000002e-07 42716861.3401137
1309.0 61.8925363441826 1e-08 0.02353427662213912 4.700000000000002e-07 40701710.448654234
1285.0 61.921275010068044 1e-08 0.023102784919364988 4.600000000000002e-07 40041063.68433124
1271.0 61.93805380071483 1e-08 0.022851081426080076 4.700000000000002e-07 39087587.126977116
1311.0 61.890142700408695 1e-08 0.023570234264036965 4.600000000000002e-07 40060032.86504986
1281.0 61.9260682823866 1e-08 0.0230308696355693 4.700000000000002e-07 39092817.48640132
1325.0 61.87339082648548 1e-08 0.023822794368830794 4.600000000000002e-07 40217747.2625982
1242.0 61.972833261970024 1e-08 0.022330498570632337 4.700000000000002e-07 36971137.028917044
1223.0 61.99564135109575 1e-08 0.02198888868911703 4.600000000000002e-07 36098482.7650218
1133.0 62.1039124944242 1e-08 0.020370736618781353 4.700000000000002e-07 34041359.453091405
1134.0 62.102707101342155 1e-08 0.020388716086229525 4.600000000000002e-07 33925436.49457746
1085.0 62.16181121394492 1e-08 0.01950772218126899 4.700000000000002e-07 32274642.8703659
1082.0 62.165433424520955 1e-08 0.01945378377892447 4.600000000000002e-07 32096823.92450556
1039.0 62.21740028340511 1e-08 0.01868066667865298 4.700000000000002e-07 30572655.61256981
1038.0 62.218609679579664 1e-08 0.018662687211204804 4.600000000000002e-07 30205437.09690948
983.0 62.285207795777474 1e-08 0.017673816501555223 4.700000000000002e-07 28557258.759642884
1040.0 62.21619185369915 1e-08 0.01869864614610115 4.600000000000002e-07 29775580.26111166
991.0 62.2755128861827 1e-08 0.017817652241140618 4.700000000000002e-07 26276983.793454014
1005.0 62.25855214257696 1e-08 0.018069364785415057 4.600000000000002e-07 26328356.667262297
952.0 62.322807390511336 1e-08 0.017116453010661826 4.700000000000002e-07 24877486.511020377
983.0 62.28520738275056 1e-08 0.017673816501555223 4.600000000000002e-07 25423759.56692552
961.0 62.31188599755166 1e-08 0.017278268217695392 4.700000000000002e-07 24553104.52271644
982.0 62.28641926946703 1e-08 0.017656471942032112 4.600000000000002e-07 24812987.017759338
921.0 62.36045026346766 1e-08 0.016559684988402826 4.700000000000002e-07 23526318.524527427
865.0 62.42856977981559 1e-08 0.015552798604743154 4.600000000000002e-07 21645571.957789063
822.0 62.48097839802302 1e-08 0.014779653703004478 4.700000000000002e-07 20170563.361736078
775.0 62.538361011772174 1e-08 0.013934588345290108 4.600000000000002e-07 17818906.027386744
732.0 62.590952613662694 1e-08 0.013161443443551432 4.700000000000002e-07 16998687.80345819
707.0 62.62156924916309 1e-08 0.012711940593703364 4.600000000000002e-07 16266268.766040865
731.0 62.59217663259307 1e-08 0.013143463329557509 4.700000000000002e-07 16305000.264854867
736.0 62.58605603276578 1e-08 0.013233363899527123 4.600000000000002e-07 16119122.543061081
689.0 62.64363180958555 1e-08 0.012388298541812755 4.700000000000002e-07 14745459.223586354
662.0 62.67675452811813 1e-08 0.01190326350804639 4.600000000000002e-07 14290751.578822933
582.0 62.77510457705148 1e-08 0.010464802661152567 4.700000000000002e-07 12466892.856341112
580.0 62.77756794857255 1e-08 0.010428841139980221 4.600000000000002e-07 11771067.45199537
530.0 62.83919812029357 1e-08 0.009529803110671581 4.700000000000002e-07 10798205.559439804
431.0 62.9615843782015 1e-08 0.007749707812640475 4.600000000000002e-07 9071147.032638794
395.0 63.006207130483155 1e-08 0.007102145027599475 4.700000000000002e-07 7975845.769501012
317.0 63.10310585158308 1e-08 0.005699696136073503 4.600000000000002e-07 6672179.348079502
313.0 63.108083323973794 1e-08 0.005627775680097812 4.700000000000002e-07 6302712.406349526
314.0 63.10683899051116 1e-08 0.005645755794091735 4.600000000000002e-07 6177755.469786432
269.0 63.16288461336944 1e-08 0.004836650664365212 4.700000000000002e-07 5389013.173978321
